# Tabelog 店ID|lat,lng — 2026-09-09 從各店頁面 JSON-LD（"latitude"/"longitude"）抓取，gen_meals.py 讀取
9000107|36.756759447980876,139.60299468536283
9000974|36.74036838795561,139.4909694752758
9002155|36.739877727957406,139.49560990526757
9002348|36.73635249795976,139.4959827752317
9002494|36.7364935079597,139.49607014523306
9002500|36.74012857795628,139.49258587527225
9002995|36.739891567957045,139.4945010652685
9003209|36.7400050179565,139.49303194527067
9003336|36.7647384080253,139.7584016753345
9003461|36.73971827848385,139.50208370344558
9006244|36.73944360795882,139.49919567526067
9008667|36.74042675795575,139.491506725276
9009395|36.73978946795697,139.49407353526777
9010330|36.73903645796047,139.5035583752535
9010499|36.740123000951534,139.49275328170097
9010934|36.73877542796056,139.50332347525102
9011338|36.739390666832996,139.50031736406572
9011359|36.74013381795767,139.49695061526924
9011461|36.658575908051006,139.62737934435398
9011667|36.739965577956795,139.49386214526967
9011668|36.73989493795726,139.49520521526804
9011676|36.7397080679597,139.50246962526106
9011677|36.73965997795969,139.50235736526065
9015043|36.73017681827578,139.49136191075002
9015061|36.73945249795879,139.49910592526084
9015238|36.73969158795955,139.50198481526124
9015499|36.75025245798738,139.61040666529192
9017600|36.74770864799152,139.61835658526064
9018185|36.751234917940025,139.4636966754047
9018659|36.75410157798284,139.6038308553354
9019419|36.73836522022092,139.49772322765656
9019424|36.738726737153435,139.49766099409277
9019990|36.737238637153936,139.49631299407866
9020002|36.73604169795992,139.49586709522865
9021900|36.75536728798142,139.60192484534954
9023525|36.73211782796111,139.4917747051919
9023747|36.74077877795521,139.49051450528026
13000216|35.707602248667314,139.6661086147211
13000324|35.68541863791085,139.77540268325868
13000334|35.69700882870672,139.76869447454223
13000354|35.70103649870486,139.77088019458137
13000377|35.696289658707336,139.76919062453462
13000379|35.69914765870569,139.7697357745631
13000384|35.70017473790136,139.77505248340796
13000489|35.680437178718144,139.77152414437282
13000511|35.67989948871915,139.77361055436594
13000512|35.68120015871695,139.7692881543821
13000542|35.67852316871884,139.76989989435464
13001080|35.70373075866955,139.66537626468255
13001082|35.70669087866811,139.66676747471146
13001083|35.70925605866613,139.66566122473813
13001092|35.70800275866719,139.6664787147249
13001094|35.70848841866685,139.66640011472987
13002261|35.67166355872202,139.76619702428795
13002318|35.669472738724195,139.76866691426412
13002327|35.6721067699243,139.76818513608416
13002424|35.67273067872231,139.76921976429662
13002457|35.67453442872057,139.76735406431612
13002551|35.67104064888326,139.76108827455943
13002616|35.67119133791525,139.76085168312514
13002621|35.66900803791676,139.7612907831028
13003560|35.71389583789187,139.77264378354826
13003594|35.710204037895124,139.77547068350898
13003636|35.706237548702696,139.77447936463136
13003914|35.72556764350054,139.71619004839025
13004078|35.680935837910056,139.76400018322138
13004109|35.68619483791018,139.77485718326687
13004982|35.67043092872352,139.76843649427394
13004985|35.67141308872316,139.76927969428326
13004991|35.66861104872215,139.7605197942611
13005547|35.70398650870357,139.7727071846099
13005656|35.681279358715074,139.76355544438692
13005687|35.67111936924069,139.76782465592828
13006312|35.686668258714995,139.774051544434
13006329|35.6989810487061,139.77066624456074
13006343|35.70284903789821,139.77049578343815
13008521|35.711269537894324,139.77509428352
13009090|35.68083290871851,139.77344467437547
13010547|35.68107863791003,139.76417538322272
13010976|35.68071843791321,139.77344128321258
13010996|35.6836101787145,139.76641501440847
13011199|35.68659417871544,139.77530251443238
13011465|35.681881581841466,139.77248859565583
13011502|35.6817454787176,139.7724266543854
13011507|35.68143996218871,139.76955237059605
13011512|35.685579628715374,139.7730753144237
13012890|35.709571578666186,139.66647521474079
13013574|35.70882792866665,139.6664439147333
13015841|35.6792660054042,139.76825591169353
13016711|35.70366568870386,139.77298260460648
13016735|35.710036988700736,139.7758688746688
13019904|35.68123823871865,139.77470331437868
13020091|35.678660768717194,139.76500067435947
13020110|35.67845211871736,139.7650939043573
13020560|35.70575633788052,139.77457305628056
13021095|35.68507136871604,139.77413945441782
13022925|35.729169308669654,139.7164550549037
13023029|35.71552307869729,139.77600147472407
13023052|35.69663743790157,139.7686587833767
13024142|35.66923688872175,139.76048868426744
13025298|35.67067454872361,139.76921644427583
13026551|35.69776404870812,139.77461655454567
13032237|35.70995383870072,139.7756625546681
13038468|35.68233483790913,139.7638716832356
13038494|35.682629937909034,139.76413488323843
13039080|35.72624603786717,139.71966348371015
13040182|35.68118155871799,139.77251542437966
13041959|35.68594333871582,139.77521029442588
13042564|35.70669542870091,139.7697814846393
13042832|35.70308322870211,139.76635101460522
13042986|35.674663548719536,139.76437068431954
13043809|35.67411143791433,139.7638188831526
13044042|35.685773268715316,139.7732709644255
13044389|35.681380748716805,139.76918948438401
13046637|35.67515998734628,139.76434281461283
13049000|35.725448898671885,139.7160445248664
13051375|35.66978955872402,139.76873925426727
13054334|35.668051598723316,139.7630522242537
13055008|35.66770642872425,139.76529990424865
13059507|35.7081631686672,139.6668416247263
13060180|35.669211038722615,139.76316779426529
13065864|35.68207760871732,139.77221150438893
13072553|35.68265873791071,139.76946608323496
13077772|35.7110701378957,139.77902618351527
13090963|35.70393704866941,139.66535024468465
13092185|35.671621337915155,139.76145558312908
13093047|35.680061328717215,139.76785429437163
13093048|35.680140228717164,139.7678619743724
13094317|35.709579848666394,139.66715627474036
13094776|35.69746616870967,139.7788522345397
13096305|35.70573396870285,139.77393099462665
13096426|35.678453137911426,139.76331658319677
13097085|35.68582483203167,139.7730488227731
13097692|35.70854573786127,139.66586098356905
13109890|35.729298337863916,139.7155733837438
13115487|35.70669101866794,139.66622995471184
13116977|35.68660833790979,139.77445548327134
13118694|35.68538643791082,139.77527538325842
13120606|35.697729439795346,139.77578276983155
13121713|35.69591992870837,139.7716942745291
13122931|35.698008337902536,139.7744306833865
13124609|35.680474928717,139.7679827143757
13130363|35.67949489871853,139.7708521643638
13130451|35.70281683789831,139.7707079834377
13131338|35.682240538715874,139.76798157439353
13135911|35.704233868704634,139.77655101460965
13136639|35.710731378701745,139.7804422046726
13137336|35.702352738703965,139.7706752445948
13141638|35.69551262870897,139.77277503452424
13141697|35.67979865211112,139.77047937588424
13145958|35.70057623790117,139.7752212834119
13146590|35.68072574871798,139.77158657437573
13149086|35.69549963790341,139.77214888336277
13152670|35.68640109871555,139.77526019443044
13152858|35.702841908703356,139.7697472146004
13155269|35.710071637859926,139.66470388358528
13156154|35.703836537864305,139.6660001835214
13156494|35.68247762871576,139.76808184439588
13157586|35.67038673791725,139.76552698311374
13162497|35.68455603871692,139.77588612441141
13164387|35.66930146872311,139.764899314265
13164932|35.66901243791774,139.76436928310068
13166177|35.70452363789685,139.76956338345573
13166596|35.686330437910385,139.77577678326762
13168753|35.7115775378958,139.78033808351944
13170716|35.66970937634542,139.75959734856826
13171114|35.729133688669314,139.71531694490415
13171787|35.66926392872307,139.76470694426476
13173299|35.70138516870675,139.77751644458024
13174574|35.67423753791583,139.7687527831504
13177793|35.69715640870722,139.77058053454238
13178061|35.70283353870361,139.77054429459974
13178599|35.70283863789807,139.77002968343837
13179674|35.69450833790362,139.77082778335367
13181185|35.70794023786205,139.66710458356204
13181414|35.6716648387224,139.76739131428712
13182283|35.71115309961667,139.781257252682
13183558|35.680232638717165,139.76803735437323
13184781|35.683003437911715,139.77332428323572
13188053|35.707131628667476,139.6656347447167
13192368|35.70032095870671,139.77528849457104
13193356|35.67414923791531,139.76696358315075
13193476|35.69682303555605,139.7693536232817
13193914|35.7277907378646,139.71471428372922
13194424|35.68557773791067,139.77517878326043
13194870|35.70629320870153,139.77091248463444
13198950|35.69916604870813,139.7774271345579
13199049|35.702825437898355,139.77090298343765
13200566|35.70559323789748,139.77365768346365
13202745|35.70498335870253,139.77143507462083
13203526|35.67303351872067,139.76468691430284
13203753|35.70875513786109,139.66569908357127
13208265|35.704164358669495,139.6660930846864
13208650|35.69745010870962,139.7786726245397
13209617|35.71393823789443,139.780734683543
13212146|35.66977633872294,139.7653230342695
13212744|35.7027418379002,139.77653468343286
13215526|35.708938537861,139.6657856835731
13219393|35.70832191866693,139.66631351472827
13219635|35.668230028722704,139.76149111425656
13220492|35.70960809866619,139.66653821474108
13225401|35.708008137861846,139.66659228356312
13226051|35.68151706871819,139.77382450438216
13226390|35.71016797566238,139.77821851337936
13226533|35.68139957871823,139.77369471438107
13226719|35.671376737915736,139.7627760831257
13226726|35.68128983791285,139.77345248321834
13228288|35.70508608870297,139.77304127462074
13228936|35.70826723786162,139.66640218356585
13229565|35.67120813791689,139.7660444831217
13230021|35.67131413791533,139.76136298312605
13231657|35.679554778716735,139.76533717436826
13232095|35.67957248871671,139.7652800343685
13232321|35.70003704870585,139.77200727457046
13232958|35.67441923791333,139.76125618315749
13233869|35.70573821870171,139.7703791246292
13235674|35.71102908870113,139.77912010467654
13236112|35.69843443870693,139.77219820455414
13236598|35.68147643791055,139.766606283225
13237026|35.68628033791039,139.77567548326718
13237879|35.70123603870634,139.77593199457985
13239323|35.70904770955099,139.6665202118507
13240171|35.672823837916944,139.76943888313562
13240357|35.70088453790116,139.77585398341458
13240885|35.67161093791534,139.76198228312862
13241939|35.71219240869911,139.7750625846911
13243895|35.68612763791046,139.7755913832657
13243959|35.6782974987176,139.7655243743554
13244127|35.682712196014585,139.7780071654058
13246285|35.69820971870771,139.7742129045505
13246676|35.69998351870693,139.77528016456762
13246897|35.6712688187207,139.76126209428742
13248971|35.6840731887143,139.76671156441293
13249397|35.68110246764472,139.76779808738348
13249428|35.68222523791034,139.76743498323196
13249452|35.681990008715594,139.76661518439198
13249556|35.70343633789805,139.77114018344366
13249791|35.681922075341326,139.7725072019739
13250128|35.68142083791359,139.77604448321785
13251353|35.68164923791177,139.77077738322384
13251802|35.67849693791363,139.7703504831923
13253228|35.681035137913504,139.7749820832147
13254151|35.72732001867252,139.7217619548813
13254995|35.70757763786186,139.66573258355936
13255654|35.70000993790154,139.77527698340614
13257291|35.700719698704994,139.77066762457832
13257405|35.69725783790161,139.770025283382
13259475|35.70667720866799,139.6663744247116
13259701|35.70199798870381,139.76951509459204
13261243|35.70437513789784,139.7723769834523
13262726|35.67952762871849,139.7707721643642
13262732|35.696015137902236,139.7695371833698
13266235|35.6812143379144,139.77815678321426
13266849|35.68115273791333,139.7746616832161
13267534|35.67949297703233,139.7680021762082
13267769|35.68340483790857,139.76422478324616
13269163|35.6801206317858,139.76865067561397
13269212|35.702121685297755,139.77220592021698
13269797|35.679740868716564,139.76517240437028
13270574|35.708779637861255,139.6662743835711
13270859|35.681480737912864,139.77383578322
13272021|35.68645388304813,139.7754613830135
13273045|35.68154174836396,139.76968116322595
13273087|35.68148345851688,139.76960242618603
13273619|35.68171584847459,139.76976977730618
13273620|35.681527419855584,139.76944442096817
13274451|35.697346058706884,139.7698898045448
13275247|35.68127842871518,139.7638993843867
13277193|35.70350892866969,139.6653749246803
13277672|35.69927975870728,139.77498330456072
13278084|35.70900118995036,139.66658853145123
13278415|35.67940803871797,139.76893098436426
13279853|35.68182693791422,139.77882958322
13280086|35.69856387870843,139.77716702455197
13280293|35.679771738718024,139.76981068436731
13282408|35.70981833789594,139.77722758350384
13282891|35.67941697871797,139.76893999436433
13283099|35.708357737861526,139.66623418356687
13283168|35.70313476867015,139.66606856467604
13283979|35.68667733790988,139.77487868327174
13285028|35.70635861870213,139.7729380646337
13286321|35.680354718717155,139.7682575743743
13287878|35.66856433872225,139.7607153442605
13288563|35.70752813668259,139.66576562226095
13288659|35.70080463834627,139.7683997840644
13288929|35.724745728671934,139.71476846486019
13289597|35.69897871870737,139.7746923545579
13290575|35.680447078717044,139.76808652437538
13290625|35.68046010871702,139.76803680437553
13292613|35.69543575200996,139.77449165301252
13295999|35.68222380871479,139.7645468343958
13298079|35.69915839870742,139.7751819645594
13299064|35.67085545872338,139.76884236427796
13299903|35.69534680984011,139.76965561061422
13300963|35.67122722872075,139.76136205428693
13301040|35.72930967382355,139.71644993023725
13303216|35.70786529866728,139.6665052147235
13303589|35.68441128871528,139.77044601441375
13303743|35.70377734866951,139.66535743468305
13304467|35.709910290838074,139.6664715037888
13304512|35.697481645456875,139.77679415530167
13305879|35.67854159871654,139.7627122443599
13306719|35.7092652386664,139.66654408473764
13306873|35.68236441871451,139.7639809343976
13311464|35.694781438710585,139.7763996845143
13312577|35.68065735871693,139.76813354437743
13312655|35.70308273870402,139.772346384601
13314569|35.671589761987605,139.761384335805
13320762|35.66974332330633,139.7631298314107
14000101|35.44367504882883,139.6468917820687
14000104|35.44315272882875,139.6456100120643
14000110|35.443851438023096,139.64610758090922
14000136|35.444826838023715,139.65002138091634
14000137|35.44306764882886,139.64578482206332
14000152|35.443390248828734,139.6460593920664
14000485|35.44342603802317,139.6454969809054
14000491|35.44368003802338,139.64663448090715
14000499|35.442724338023915,139.64639448089767
14000501|35.44241220882951,139.6465231420562
14000502|35.4434355380234,139.64623418090497
14000520|35.43916060883351,139.6525814620191
14000676|35.44272223802408,139.64693608089726
14001147|35.44022206883169,139.64900344203232
14001178|35.44238953802398,139.64595538089455
14001179|35.44234714882943,139.6461254220558
14003055|35.443066188829185,139.64681728206259
14003638|35.4404419845606,139.65000006205594
14011975|35.44263190882957,139.64714374205798
14045408|35.458574738008544,139.6297791810694
14045692|35.459202038008016,139.629387681076
14055323|35.441310538025846,139.64967418088108
14064517|35.44375803802341,139.6469367809077
14064836|35.440562737761006,139.64965676777936
14067742|35.442182558144715,139.645787831742
14069349|35.45673153801117,139.6343559810476
14077868|35.44206786883236,139.65478076204693
14078045|35.440855004730075,139.6505033345763
14079530|35.44127033802588,139.64971258088065
14083721|35.45703873801125,139.6352194810501
14084157|35.456541088816344,139.63335665220814
14084807|35.441379138025276,139.64804768088294
14086346|35.44255517882919,139.64579043205816
14086710|35.439363738026266,139.6471186808632
14088980|35.44311189265878,139.6456304403381
14091740|35.455359528816686,139.6320621421971
14098997|35.442904018624844,139.6456917184207
